CLINICAL METRICS
============================================================

Sensitivity         : 0.8693181818181818
Specificity         : 0.6985294117647058
PPV                 : 0.788659793814433
NPV                 : 0.8050847457627118
Accuracy            : 0.7948717948717948
F1-Score            : 0.8270270270270269
AUC-ROC             : 0.866519050802139
TP                  : 153
TN                  : 95
FP                  : 41
FN                  : 23
